function k = k_GGG(T)
    
    k = 308.24398 + (-0.29069 - 308.24398) ./ (1 + (T / 4.1649).^2.87503);
end